  function spaceshipModel(b,time,space,moving){
    // Terralink Pioneer EX-7 — rebuilt from the generated GLB component layout.
    // Compatibility: ORBIT Explorer Mk II / heavy industrial survey lander / #e89a45
    const mesh=(v,f,c,e=0)=>{for(const q of f)b.tri(v[q[0]],v[q[1]],v[q[2]],c,e);};
    const dish=(c,u,v,n,ru,rv,depth,color)=>{const center=[c[0]-n[0]*depth,c[1]-n[1]*depth,c[2]-n[2]*depth],pts=[];for(let i=0;i<24;i++){const a=i/24*Math.PI*2;pts.push([c[0]+u[0]*Math.cos(a)*ru+v[0]*Math.sin(a)*rv,c[1]+u[1]*Math.cos(a)*ru+v[1]*Math.sin(a)*rv,c[2]+u[2]*Math.cos(a)*ru+v[2]*Math.sin(a)*rv]);}for(let i=0;i<24;i++)b.tri(center,pts[i],pts[(i+1)%24],color,0);};
    const orange='#d85c12',glow='#ff7a14';
    b.box(0,35.56,2.65,102.3,22.96,135.15,'#c1c2bc',0); // main_fuselage
    b.box(0,50.4,-23.85,80.52,9.52,95.4,'#dedcd2',0); // upper_hull
    b.box(0,48.44,29.15,97.68,7.84,60.95,'#dedcd2',0); // upper_forward_plate
    b.box(56.1,35.56,-2.65,15.84,21.84,78.44,'#2a2f30',0); // port_side_spine
    b.box(-56.1,35.56,-2.65,15.84,21.84,78.44,'#2a2f30',0); // starboard_side_spine
    b.box(-60.72,28.28,7.95,27.72,13.44,62.54,'#dedcd2',0); // cargo_-0.92
    b.box(-61.33,28.28,-16.96,29.7,14.56,2.92,'#d85c12',0.02); // cargo_strap_-0.92_-0.32
    b.box(-61.33,28.28,5.3,29.7,14.56,2.91,'#d85c12',0.02); // cargo_strap_-0.92_+0.10
    b.box(-61.33,28.28,27.56,29.7,14.56,2.92,'#d85c12',0.02); // cargo_strap_-0.92_+0.52
    b.box(60.72,28.28,7.95,27.72,13.44,62.54,'#dedcd2',0); // cargo_+0.92
    b.box(61.33,28.28,-16.96,29.7,14.56,2.92,'#d85c12',0.02); // cargo_strap_+0.92_-0.32
    b.box(61.33,28.28,5.3,29.7,14.56,2.91,'#d85c12',0.02); // cargo_strap_+0.92_+0.10
    b.box(61.33,28.28,27.56,29.7,14.56,2.92,'#d85c12',0.02); // cargo_strap_+0.92_+0.52
    b.tube([-36.3,21,2.12],[-36.3,21,-46.64],10.04,10.04,'#2a2f30',12,0); // lower_tank_-0.55
    b.tube([36.3,21,2.12],[36.3,21,-46.64],10.04,10.04,'#2a2f30',12,0); // lower_tank_+0.55
    mesh([[-46.2,23.24,50.35],[46.2,23.24,50.35],[-46.2,49.56,50.35],[46.2,49.56,50.35],[-31.68,23.8,113.95],[31.68,23.8,113.95],[-31.68,43.96,100.7],[31.68,43.96,100.7]],[[0,4,5],[0,5,1],[2,3,7],[2,7,6],[0,2,6],[0,6,4],[1,5,7],[1,7,3],[4,6,7],[4,7,5],[0,1,3],[0,3,2]],'#dedcd2',0); // cockpit_cab
    mesh([[-29.37,29.98,104.03],[-29.37,41.96,96.66],[-4.95,29.98,104.03],[-4.95,41.96,96.66],[-29.37,30.28,105.8],[-29.37,42.26,98.43],[-4.95,30.28,105.8],[-4.95,42.26,98.43]],[[1,3,0],[4,1,0],[0,3,2],[2,4,0],[1,7,3],[5,1,4],[5,7,1],[3,7,2],[6,4,2],[2,7,6],[6,5,4],[7,5,6]],'#0f1d24',0.1); // front_glass_-0.26
    mesh([[4.95,29.98,104.03],[4.95,41.96,96.66],[29.37,29.98,104.03],[29.37,41.96,96.66],[4.95,30.28,105.8],[4.95,42.26,98.43],[29.37,30.28,105.8],[29.37,42.26,98.43]],[[1,3,0],[4,1,0],[0,3,2],[2,4,0],[1,7,3],[5,1,4],[5,7,1],[3,7,2],[6,4,2],[2,7,6],[6,5,4],[7,5,6]],'#0f1d24',0.1); // front_glass_+0.26
    mesh([[-47.39,31.49,56.81],[-47.39,43.13,53.71],[-45.67,31.49,56.81],[-45.67,43.13,53.71],[-47.39,33.59,85.15],[-47.39,45.23,82.05],[-45.67,33.59,85.15],[-45.67,45.23,82.05]],[[1,3,0],[4,1,0],[0,3,2],[2,4,0],[1,7,3],[5,1,4],[5,7,1],[3,7,2],[6,4,2],[2,7,6],[6,5,4],[7,5,6]],'#0f1d24',0.1); // side_glass_-1
    mesh([[45.67,31.49,56.81],[45.67,43.13,53.71],[47.39,31.49,56.81],[47.39,43.13,53.71],[45.67,33.59,85.15],[45.67,45.23,82.05],[47.39,33.59,85.15],[47.39,45.23,82.05]],[[1,3,0],[4,1,0],[0,3,2],[2,4,0],[1,7,3],[5,1,4],[5,7,1],[3,7,2],[6,4,2],[2,7,6],[6,5,4],[7,5,6]],'#0f1d24',0.1); // side_glass_1
    b.box(0,24.64,107.59,67.32,5.04,19.08,'#13181a',0); // front_bumper
    b.box(-27.06,26.04,117.93,13.2,1.96,4.24,'#ff7a14',0.92); // headlight_-0.41
    b.box(27.06,26.04,117.93,13.2,1.96,4.24,'#ff7a14',0.92); // headlight_+0.41
    b.tube([-54.12,44.8,-47.7],[-54.12,44.8,-106],22.46,22.46,'#dedcd2',12,0); // engine_body_-0.82
    b.tube([-54.12,44.8,-92.22],[-54.12,44.8,-114.48],19.77,19.77,'#2a2f30',12,0); // engine_dark_ring_-0.82
    b.tube([-54.12,44.8,-112.36],[-54.12,44.8,-120.84],15.56,15.56,'#13181a',12,0); // engine_mouth_-0.82
    b.tube([-54.12,44.8,-120.84],[-54.12,44.8,-122.96],11.71,11.71,'#ff7a14',12,0.92); // engine_glow_-0.82
    b.tube([-54.12,44.8,-96.06],[-54.12,44.8,-97.92],20.34,20.34,'#d85c12',16,0.02); // engine_orange_ring_-0.82
    b.tube([-54.12,44.8,-96.06],[-54.12,44.8,-97.92],17.98,17.98,'#2a2f30',14,0);
    b.box(-54.12,40.32,-123.22,18.48,0.98,1.86,'#ff7a14',0.92); // glowbar_-0.82_-0.16
    b.box(-54.12,42.56,-123.22,18.48,0.98,1.86,'#ff7a14',0.92); // glowbar_-0.82_-0.08
    b.box(-54.12,44.8,-123.22,18.48,0.98,1.86,'#ff7a14',0.92); // glowbar_-0.82_+0.00
    b.box(-54.12,47.04,-123.22,18.48,0.98,1.86,'#ff7a14',0.92); // glowbar_-0.82_+0.08
    b.box(-54.12,49.28,-123.22,18.48,0.98,1.86,'#ff7a14',0.92); // glowbar_-0.82_+0.16
    b.tube([54.12,44.8,-47.7],[54.12,44.8,-106],22.46,22.46,'#dedcd2',12,0); // engine_body_+0.82
    b.tube([54.12,44.8,-92.22],[54.12,44.8,-114.48],19.77,19.77,'#2a2f30',12,0); // engine_dark_ring_+0.82
    b.tube([54.12,44.8,-112.36],[54.12,44.8,-120.84],15.56,15.56,'#13181a',12,0); // engine_mouth_+0.82
    b.tube([54.12,44.8,-120.84],[54.12,44.8,-122.96],11.71,11.71,'#ff7a14',12,0.92); // engine_glow_+0.82
    b.tube([54.12,44.8,-96.06],[54.12,44.8,-97.92],20.34,20.34,'#d85c12',16,0.02); // engine_orange_ring_+0.82
    b.tube([54.12,44.8,-96.06],[54.12,44.8,-97.92],17.98,17.98,'#2a2f30',14,0);
    b.box(54.12,40.32,-123.22,18.48,0.98,1.86,'#ff7a14',0.92); // glowbar_+0.82_-0.16
    b.box(54.12,42.56,-123.22,18.48,0.98,1.86,'#ff7a14',0.92); // glowbar_+0.82_-0.08
    b.box(54.12,44.8,-123.22,18.48,0.98,1.86,'#ff7a14',0.92); // glowbar_+0.82_+0.00
    b.box(54.12,47.04,-123.22,18.48,0.98,1.86,'#ff7a14',0.92); // glowbar_+0.82_+0.08
    b.box(54.12,49.28,-123.22,18.48,0.98,1.86,'#ff7a14',0.92); // glowbar_+0.82_+0.16
    b.box(-54.12,40.04,-55.65,15.18,11.2,38.16,'#2a2f30',0); // engine_pylon_-0.82
    b.box(54.12,40.04,-55.65,15.18,11.2,38.16,'#2a2f30',0); // engine_pylon_+0.82
    mesh([[-75.57,46.2,-82.15],[-75.57,46.2,-50.35],[-75.57,71.96,-59.36],[-75.57,62.44,-87.98],[-69.63,46.2,-82.15],[-69.63,46.2,-50.35],[-69.63,71.96,-59.36],[-69.63,62.44,-87.98]],[[0,1,2],[0,2,3],[4,6,5],[4,7,6],[0,1,5],[0,5,4],[1,2,6],[1,6,5],[2,3,7],[2,7,6],[3,0,4],[3,4,7]],'#2a2f30',0); // rear_fin_-1
    mesh([[-79.86,52.5,-65.2],[-79.86,63.92,-75.28],[-73.26,52.5,-65.2],[-73.26,63.92,-75.28],[-79.86,53.68,-60.4],[-79.86,65.1,-70.48],[-73.26,53.68,-60.4],[-73.26,65.1,-70.48]],[[1,3,0],[4,1,0],[0,3,2],[2,4,0],[1,7,3],[5,1,4],[5,7,1],[3,7,2],[6,4,2],[2,7,6],[6,5,4],[7,5,6]],'#d85c12',0.02); // fin_accent_-1
    mesh([[69.63,46.2,-82.15],[69.63,46.2,-50.35],[69.63,71.96,-59.36],[69.63,62.44,-87.98],[75.57,46.2,-82.15],[75.57,46.2,-50.35],[75.57,71.96,-59.36],[75.57,62.44,-87.98]],[[0,1,2],[0,2,3],[4,6,5],[4,7,6],[0,1,5],[0,5,4],[1,2,6],[1,6,5],[2,3,7],[2,7,6],[3,0,4],[3,4,7]],'#2a2f30',0); // rear_fin_1
    mesh([[73.26,52.5,-65.2],[73.26,63.92,-75.28],[79.86,52.5,-65.2],[79.86,63.92,-75.28],[73.26,53.68,-60.4],[73.26,65.1,-70.48],[79.86,53.68,-60.4],[79.86,65.1,-70.48]],[[1,3,0],[4,1,0],[0,3,2],[2,4,0],[1,7,3],[5,1,4],[5,7,1],[3,7,2],[6,4,2],[2,7,6],[6,5,4],[7,5,6]],'#d85c12',0.02); // fin_accent_1
    b.tube([0,56.98,13.25],[0,54.46,13.25],22.63,22.63,'#2a2f30',12,0); // top_hatch
    b.tube([0,55.58,13.25],[0,58.66,13.25],17.96,17.96,'#d85c12',12,0.02); // top_hatch_inner
    b.box(0,56.56,-37.1,25.08,1.68,29.15,'#13181a',0); // top_vent
    b.box(0,57.68,-48.76,26.4,0.98,2.39,'#2a2f30',0); // vent_slit_0
    b.box(0,57.68,-42.93,26.4,0.98,2.38,'#2a2f30',0); // vent_slit_1
    b.box(0,57.68,-37.1,26.4,0.98,2.39,'#2a2f30',0); // vent_slit_2
    b.box(0,57.68,-31.27,26.4,0.98,2.39,'#2a2f30',0); // vent_slit_3
    b.box(0,57.68,-25.44,26.4,0.98,2.38,'#2a2f30',0); // vent_slit_4
    b.box(-51.88,35,2.65,2.11,9.52,7.42,'#13181a',0); // side_vent_l_0.05
    b.box(51.88,35,2.65,2.11,9.52,7.42,'#13181a',0); // side_vent_r_0.05
    b.box(-51.88,35,32.86,2.11,9.52,7.42,'#13181a',0); // side_vent_l_0.62
    b.box(51.88,35,32.86,2.11,9.52,7.42,'#13181a',0); // side_vent_r_0.62
    b.box(-52.27,43.96,-13.25,2.31,1.96,58.3,'#d85c12',0.02); // stripe_left
    b.box(52.27,43.96,-13.25,2.31,1.96,58.3,'#d85c12',0.02); // stripe_right
    mesh([[-41.74,23.87,62.89],[-41.74,26,61.58],[-39.44,23.87,62.89],[-39.44,26,61.58],[-41.74,28.88,92.12],[-41.74,31.01,90.81],[-39.44,28.88,92.12],[-39.44,31.01,90.81]],[[1,3,0],[4,1,0],[0,3,2],[2,4,0],[1,7,3],[5,1,4],[5,7,1],[3,7,2],[6,4,2],[2,7,6],[6,5,4],[7,5,6]],'#d85c12',0.02); // cockpit_stripe_left
    mesh([[39.44,23.87,62.89],[39.44,26,61.58],[41.74,23.87,62.89],[41.74,26,61.58],[39.44,28.88,92.12],[39.44,31.01,90.81],[41.74,28.88,92.12],[41.74,31.01,90.81]],[[1,3,0],[4,1,0],[0,3,2],[2,4,0],[1,7,3],[5,1,4],[5,7,1],[3,7,2],[6,4,2],[2,7,6],[6,5,4],[7,5,6]],'#d85c12',0.02); // cockpit_stripe_right
    mesh([[-52.47,31.64,45.05],[-52.47,31.64,59.36],[-72.27,31.64,52.21]],[[0,1,2]],'#d85c12',0.02); // logo_-1
    mesh([[52.47,31.64,45.05],[52.47,31.64,59.36],[32.67,31.64,52.21]],[[0,1,2]],'#d85c12',0.02); // logo_1
    b.tube([18.48,62.16,18.55],[18.48,57.12,18.55],11.96,11.96,'#2a2f30',12,0); // mast_base
    b.tube([18.48,86.52,18.55],[18.48,60.76,18.55],6.58,6.58,'#2a2f30',12,0); // mast_lower
    b.tube([18.48,108.08,18.55],[18.48,82.32,18.55],4.15,4.15,'#5f6360',8,0); // mast_upper
    b.tube([18.48,132.86,18.55],[18.48,106.26,18.55],1.78,1.78,'#5f6360',8,0); // mast_whip
    b.tube([18.48,65.52,18.55],[18.48,63.28,18.55],8.94,8.94,'#13181a',12,0); // mast_collar_1.75
    b.tube([18.48,76.72,18.55],[18.48,74.48,18.55],8.94,8.94,'#13181a',12,0); // mast_collar_2.15
    b.tube([18.48,87.92,18.55],[18.48,85.68,18.55],8.94,8.94,'#13181a',12,0); // mast_collar_2.55
    b.tube([18.48,101.92,18.55],[18.48,99.68,18.55],5.92,5.92,'#13181a',12,0); // mast_collar_3.05
    b.box(18.48,71.4,13.25,5.94,3.08,2.12,'#ff7a14',0.92); // mast_lamp_2.0
    b.box(18.48,81.2,13.25,5.94,3.08,2.12,'#ff7a14',0.92); // mast_lamp_2.35
    b.box(18.48,91,13.25,5.94,3.08,2.12,'#ff7a14',0.92); // mast_lamp_2.7
    b.tube([-33,70.84,11.66],[-33,57.4,11.66],2.99,2.99,'#2a2f30',8,0); // dish_post
    b.tube([-34.32,76.03,30.35],[-34.32,70.69,14.17],0.91,0.91,'#13181a',8,0); // dish_feed_arm
    b.tube([-34.32,77.28,29.15],[-34.32,75.04,29.15],2.39,2.39,'#13181a',8,0); // dish_receiver
    b.sphere(-34.32,77.28,29.15,2.39,2.39,2.39,'#13181a',8,5,0);
    b.sphere(-34.32,75.04,29.15,2.39,2.39,2.39,'#13181a',8,5,0);
    b.box(-52.14,41.16,-50.35,3.96,1.96,6.89,'#13181a',0); // greebleL_0
    b.box(52.14,41.16,-50.35,3.96,1.96,6.89,'#13181a',0); // greebleR_0
    b.box(-52.14,41.16,-35.33,3.96,1.96,6.89,'#13181a',0); // greebleL_1
    b.box(52.14,41.16,-35.33,3.96,1.96,6.89,'#13181a',0); // greebleR_1
    b.box(-52.14,41.16,-20.32,3.96,1.96,6.89,'#13181a',0); // greebleL_2
    b.box(52.14,41.16,-20.32,3.96,1.96,6.89,'#13181a',0); // greebleR_2
    b.box(-52.14,41.16,-5.3,3.96,1.96,6.89,'#13181a',0); // greebleL_3
    b.box(52.14,41.16,-5.3,3.96,1.96,6.89,'#13181a',0); // greebleR_3
    b.box(-52.14,41.16,9.72,3.96,1.96,6.89,'#13181a',0); // greebleL_4
    b.box(52.14,41.16,9.72,3.96,1.96,6.89,'#13181a',0); // greebleR_4
    b.box(-52.14,41.16,24.73,3.96,1.96,6.89,'#13181a',0); // greebleL_5
    b.box(52.14,41.16,24.73,3.96,1.96,6.89,'#13181a',0); // greebleR_5
    b.box(-52.14,41.16,39.75,3.96,1.96,6.89,'#13181a',0); // greebleL_6
    b.box(52.14,41.16,39.75,3.96,1.96,6.89,'#13181a',0); // greebleR_6
    b.tube([0,57.54,-47.7],[0,56.14,-47.7],3.55,3.55,'#2a2f30',8,0); // top_cap_0
    b.tube([0,57.54,-26.5],[0,56.14,-26.5],3.55,3.55,'#2a2f30',8,0); // top_cap_1
    b.tube([0,57.54,-5.3],[0,56.14,-5.3],3.59,3.59,'#2a2f30',8,0); // top_cap_2
    b.tube([0,57.54,15.9],[0,56.14,15.9],3.59,3.59,'#2a2f30',8,0); // top_cap_3
    b.tube([0,57.54,37.1],[0,56.14,37.1],3.55,3.55,'#2a2f30',8,0); // top_cap_4
    b.box(0,33.88,-71.55,51.48,13.44,39.75,'#c1c2bc',0); // rear_center_block
    b.box(0,28.84,-88.51,39.6,7.84,25.44,'#2a2f30',0); // rear_center_dark
    dish([-32.47,70.8,16.23],[0.92,0.02,-0.39],[0.45,-0.73,0.52],[-0.52,-0.22,-0.83],23.97,13.25,4.74,'#5f6360'); // satellite_dish
    if(!space){
      b.tube([-40.57,22.8,-76.85],[-54.47,3.52,-76.85],5.23,5.23,'#2a2f30',8,0); // landing_strut_0
      b.tube([-51.32,19.88,-76.85],[-51.32,5.88,-76.85],2.69,2.69,'#5f6360',8,0); // landing_piston_0
      mesh([[-68.45,0.62,-89.57],[-67.99,3.41,-89.57],[-46.06,-0.05,-89.57],[-45.6,2.74,-89.57],[-68.45,0.62,-64.13],[-67.99,3.41,-64.13],[-46.06,-0.05,-64.13],[-45.6,2.74,-64.13]],[[1,3,0],[4,1,0],[0,3,2],[2,4,0],[1,7,3],[5,1,4],[5,7,1],[3,7,2],[6,4,2],[2,7,6],[6,5,4],[7,5,6]],'#13181a',0); // landing_foot_0
      b.box(-57.02,3.36,-76.85,14.52,0.84,18.02,'#5f6360',0); // foot_pad_0
      b.tube([40.57,22.8,-76.85],[54.47,3.52,-76.85],5.23,5.23,'#2a2f30',8,0); // landing_strut_1
      b.tube([51.32,19.88,-76.85],[51.32,5.88,-76.85],2.69,2.69,'#5f6360',8,0); // landing_piston_1
      mesh([[46.06,-0.05,-89.57],[45.6,2.74,-89.57],[68.45,0.62,-89.57],[67.99,3.41,-89.57],[46.06,-0.05,-64.13],[45.6,2.74,-64.13],[68.45,0.62,-64.13],[67.99,3.41,-64.13]],[[1,3,0],[4,1,0],[0,3,2],[2,4,0],[1,7,3],[5,1,4],[5,7,1],[3,7,2],[6,4,2],[2,7,6],[6,5,4],[7,5,6]],'#13181a',0); // landing_foot_1
      b.box(57.02,3.36,-76.85,14.52,0.84,18.02,'#5f6360',0); // foot_pad_1
      b.tube([-29.35,22.8,66.25],[-43.25,3.52,66.25],5.27,5.27,'#2a2f30',8,0); // landing_strut_2
      b.tube([-39.2,19.88,66.25],[-39.2,5.88,66.25],2.67,2.67,'#5f6360',8,0); // landing_piston_2
      mesh([[-54.98,0.62,53.53],[-54.52,3.41,53.53],[-32.6,-0.05,53.53],[-32.14,2.74,53.53],[-54.98,0.62,78.97],[-54.52,3.41,78.97],[-32.6,-0.05,78.97],[-32.14,2.74,78.97]],[[1,3,0],[4,1,0],[0,3,2],[2,4,0],[1,7,3],[5,1,4],[5,7,1],[3,7,2],[6,4,2],[2,7,6],[6,5,4],[7,5,6]],'#13181a',0); // landing_foot_2
      b.box(-43.56,3.36,66.25,14.52,0.84,18.02,'#5f6360',0); // foot_pad_2
      b.tube([29.35,22.8,66.25],[43.25,3.52,66.25],5.27,5.27,'#2a2f30',8,0); // landing_strut_3
      b.tube([39.2,19.88,66.25],[39.2,5.88,66.25],2.67,2.67,'#5f6360',8,0); // landing_piston_3
      mesh([[32.6,-0.05,53.53],[32.14,2.74,53.53],[54.98,0.62,53.53],[54.52,3.41,53.53],[32.6,-0.05,78.97],[32.14,2.74,78.97],[54.98,0.62,78.97],[54.52,3.41,78.97]],[[1,3,0],[4,1,0],[0,3,2],[2,4,0],[1,7,3],[5,1,4],[5,7,1],[3,7,2],[6,4,2],[2,7,6],[6,5,4],[7,5,6]],'#13181a',0); // landing_foot_3
      b.box(43.56,3.36,66.25,14.52,0.84,18.02,'#5f6360',0); // foot_pad_3
    }
    if(space&&moving){const pulse=5+Math.sin(time*40)*2;for(const sign of[-1,1]){b.tube([sign*54,45,-123],[sign*54,45,-152-pulse],7,0,'#8cecff',9,1);b.tube([sign*54,45,-123],[sign*54,45,-142],3,0,'#fff1c6',7,1);}}
  }
